0
3
3
10
3
3
0
3
15
21
30
9
3
3
30
27
30
3
10
30
21
8
3
14
1
2
2
0
3
15
30
27
15
3
15
42
90
42
11
30
72
84
17
30
36
18
12
2
1
3
30
27
22
3
30
90
64
16
27
68
17
13
9
0
10
30
22
6
30
38
14
14
6
3
3
12
5
8
4
5
0
2
2
0
3
15
30
30
15
3
15
60
81
56
15
21
86
68
24
26
54
19
8
10
1
15
42
78
42
9
60
132
144
32
82
112
50
54
26
11
30
78
61
13
68
136
51
44
46
13
30
44
19
40
34
16
12
10
12
2
3
26
27
22
3
26
82
60
20
23
68
21
18
24
3
26
70
66
16
86
128
56
74
52
26
27
70
28
58
66
29
18
22
22
5
6
22
18
6
30
56
20
16
26
6
30
48
26
60
48
26
18
26
24
6
5
14
5
14
14
5
14
14
14
5
2
2
2
2
0
3
15
30
30
15
3
15
60
90
60
15
30
81
84
30
28
48
26
12
12
3
15
60
81
54
15
42
166
144
46
78
162
77
44
50
9
30
68
60
22
76
148
66
80
80
23
26
44
26
52
46
30
12
12
14
2
15
42
84
48
11
56
138
156
52
80
124
72
58
44
13
56
154
156
48
124
284
146
142
144
48
82
148
81
136
152
72
60
52
52
14
22
70
78
24
86
144
76
78
68
26
76
168
82
144
152
76
74
80
70
24
30
52
30
60
56
26
56
56
52
22
14
14
14
12
2
2
32
30
20
5
32
98
75
24
28
76
37
18
24
5
32
94
74
25
86
166
72
78
84
20
32
74
35
86
78
39
26
22
26
5
26
82
78
20
86
156
73
71
70
26
86
166
84
156
160
78
86
82
76
26
32
86
39
86
78
39
82
82
74
35
26
26
26
22
5
10
30
18
6
30
60
24
18
23
6
30
60
23
50
62
28
26
24
28
6
30
50
28
60
58
26
60
62
56
26
26
26
26
24
6
2
17
5
17
15
5
17
15
15
5
15
15
15
15
5
3
3
3
3
3
0
3
15
30
30
15
3
15
60
90
60
15
30
93
93
31
29
62
30
13
15
3
15
60
96
66
17
60
166
182
62
98
168
90
64
54
15
21
86
80
26
88
178
84
84
84
29
22
58
27
58
54
30
10
14
14
2
13
66
81
62
17
46
178
160
58
68
182
81
52
60
13
64
162
166
50
168
304
166
176
154
60
75
156
75
156
168
79
56
50
54
14
30
94
82
30
66
168
64
60
82
22
90
144
82
168
156
78
74
76
80
26
24
60
30
48
52
22
60
56
56
26
14
14
12
14
2
15
36
80
48
13
66
146
162
50
96
140
82
58
52
15
66
176
172
60
162
316
146
164
158
48
81
144
82
168
156
82
56
56
54
14
64
162
166
52
162
292
156
172
140
60
162
324
146
284
312
160
166
158
156
56
90
144
90
164
164
82
168
164
152
74
60
60
56
52
14
30
72
70
24
90
152
76
76
79
23
90
168
88
176
146
84
73
80
82
24
72
178
75
158
166
80
176
174
152
73
86
86
78
74
24
34
36
22
66
50
26
66
56
54
23
60
54
54
54
26
15
9
15
15
11
3
3
26
32
22
4
23
90
74
26
39
86
36
21
26
5
26
87
84
26
90
158
86
86
75
26
30
82
32
76
84
37
22
26
24
5
24
86
76
26
65
172
78
74
88
23
86
146
80
168
148
90
73
75
85
25
35
90
30
60
88
33
90
84
84
36
30
30
20
30
5
24
68
74
24
86
152
78
88
80
26
83
174
90
164
170
75
80
78
84
28
86
148
90
176
156
90
156
160
154
69
90
84
80
70
30
28
84
36
73
80
33
90
93
76
36
84
84
77
76
35
24
24
24
29
30
3
4
26
22
6
26
60
26
27
27
6
26
62
28
62
62
28
24
26
24
7
19
62
28
52
62
25
58
50
62
23
22
30
20
30
10
28
44
20
66
46
26
60
56
54
26
54
48
60
46
30
24
24
24
30
21
10
5
15
4
13
15
5
17
15
15
5
9
15
15
15
3
15
9
15
15
15
3
3
3
3
3
3
3
0
3
15
30
30
15
3
15
58
90
60
15
30
90
93
31
32
64
30
15
15
3
11
60
84
66
17
60
184
182
62
77
186
96
60
60
15
30
88
86
28
97
172
90
84
90
29
25
58
30
60
54
30
12
14
14
2
15
54
96
56
17
64
170
184
64
92
164
90
60
60
13
46
168
180
60
162
348
166
154
168
60
72
144
87
160
174
79
54
54
54
14
30
88
86
26
90
164
80
78
74
24
60
168
80
156
164
82
68
82
82
26
30
44
26
56
52
26
56
56
60
26
14
12
14
14
2
15
60
81
60
13
36
176
164
60
78
172
83
48
58
15
66
176
174
54
162
328
160
166
160
54
90
156
66
148
164
89
60
50
58
14
64
180
174
54
144
312
160
164
154
50
162
312
166
316
300
164
156
162
160
56
84
176
74
136
152
70
168
168
152
78
60
56
48
56
14
30
90
76
26
72
166
84
70
84
26
70
172
72
176
172
79
84
68
89
25
94
154
78
164
146
80
158
160
158
76
86
76
70
72
26
34
60
23
40
56
20
62
56
54
26
60
52
48
54
24
15
15
9
11
15
3
15
48
76
52
15
62
146
164
48
90
158
80
58
46
15
56
170
158
56
172
324
154
152
154
46
81
164
86
168
140
78
44
58
52
12
60
160
162
60
162
300
160
172
166
60
146
324
152
304
332
142
168
158
172
56
90
160
90
168
136
90
136
160
156
74
60
56
56
40
14
60
148
162
58
156
304
164
166
166
60
180
304
172
336
316
172
174
164
152
60
156
348
174
284
332
150
340
312
308
160
160
176
144
156
52
94
156
80
182
146
86
160
166
164
83
172
164
154
150
86
60
48
52
60
48
15
24
72
74
26
86
164
78
89
79
26
74
174
88
166
170
80
78
84
78
22
92
148
80
180
160
86
172
160
154
83
90
66
80
76
30
75
164
78
156
164
81
174
158
164
82
154
162
156
166
78
78
84
84
78
90
21
26
52
26
60
48
26
46
60
54
26
54
48
60
48
30
54
54
60
60
42
30
15
15
15
15
15
9
3
3
24
39
26
5
24
86
81
24
36
84
34
24
24
4
24
80
80
23
86
160
78
76
74
24
35
80
35
85
85
27
30
24
33
7
21
82
80
24
82
166
79
76
82
24
64
152
82
170
154
90
64
86
77
26
35
84
31
90
88
34
82
76
94
29
24
26
30
30
5
24
83
82
26
66
164
82
76
84
26
84
166
75
144
170
84
92
80
83
30
84
168
88
166
160
76
162
176
148
80
90
80
74
80
30
30
86
39
80
88
36
84
76
84
35
71
82
82
84
35
24
29
24
30
30
3
22
75
81
27
85
166
78
86
78
26
88
164
80
180
162
78
88
84
81
26
72
166
87
152
172
84
164
162
164
81
76
86
78
78
30
92
156
86
170
156
86
172
158
148
90
160
164
160
160
90
76
85
87
90
72
30
39
82
36
81
82
36
82
77
82
35
62
80
87
90
27
86
92
90
81
90
27
31
31
30
30
27
30
3
4
26
29
7
28
64
26
26
26
6
19
54
26
56
60
26
24
30
29
10
26
56
26
60
60
24
46
60
60
23
30
26
28
30
10
28
60
23
48
58
26
54
52
54
29
60
58
50
60
30
24
28
30
21
30
10
26
54
24
58
46
26
44
54
50
30
48
58
60
42
30
58
62
60
60
42
30
33
31
30
30
30
21
10
5
14
5
14
14
4
8
12
15
3
12
16
15
15
3
16
16
15
15
15
3
17
15
15
15
15
15
3
3
3
3
3
3
3
3
0
3
15
29
30
15
3
11
60
78
60
15
30
90
84
31
23
64
30
15
15
3
15
48
90
54
17
60
172
188
56
92
156
92
66
56
15
30
94
90
30
76
188
84
80
86
29
30
48
30
56
54
30
12
14
14
2
15
60
84
62
13
52
188
168
62
89
186
74
48
60
13
64
170
188
60
182
328
176
180
152
60
84
176
75
140
172
76
60
56
52
14
26
88
84
30
74
176
80
76
86
24
86
148
86
176
156
86
70
80
76
24
26
56
24
44
56
22
56
56
56
24
12
14
10
14
2
15
60
90
58
15
60
166
182
54
95
168
88
60
44
15
46
178
160
56
168
348
152
152
178
52
78
160
82
176
156
94
44
52
56
10
60
162
168
50
180
296
164
180
160
60
156
340
162
308
340
152
168
164
156
56
86
160
86
176
144
86
140
152
152
72
56
52
56
48
14
30
90
77
26
74
180
80
80
84
23
86
152
74
184
172
86
78
74
76
22
98
184
78
152
156
75
168
150
154
84
78
72
74
74
26
38
64
26
60
54
25
42
50
60
26
56
54
52
56
26
15
15
11
15
15
3
15
60
89
60
15
54
170
166
56
76
168
80
50
60
12
58
160
160
50
172
308
164
168
140
64
81
164
78
152
174
84
56
48
60
16
54
172
160
56
138
340
140
142
178
50
180
312
164
352
328
180
152
156
144
54
80
176
90
148
176
68
172
136
176
72
40
56
44
60
14
60
156
168
58
168
284
164
174
160
60
144
324
156
320
328
156
160
172
164
52
184
324
164
344
304
170
304
324
300
164
164
144
176
144
60
98
172
83
166
162
80
166
152
164
83
154
164
150
172
80
60
52
60
48
60
15
23
92
88
28
70
176
86
72
87
26
90
154
72
176
160
88
86
70
80
26
84
186
78
144
178
74
180
156
180
69
80
90
76
90
24
90
170
86
166
150
86
152
164
156
86
180
146
180
154
90
79
92
72
90
78
30
25
60
26
46
60
24
60
42
60
26
44
64
48
60
30
64
58
60
48
60
27
17
17
15
15
9
15
3
15
54
82
54
15
60
164
164
56
90
158
80
58
50
14
60
172
164
54
156
332
150
158
154
42
94
158
86
160
146
94
56
54
46
16
60
160
160
54
176
308
160
180
144
62
154
340
166
304
336
156
164
150
164
52
90
156
86
172
160
86
152
168
144
84
56
44
56
52
14
50
170
164
58
160
340
170
152
168
52
170
340
168
356
332
174
148
166
176
56
164
344
168
328
328
150
324
324
328
158
144
164
152
168
52
98
170
82
176
172
78
172
164
156
86
172
152
164
158
86
46
62
56
62
48
15
60
146
172
64
182
320
162
184
156
60
178
340
166
324
316
168
168
166
164
56
188
328
180
344
308
172
324
340
324
168
172
168
168
160
60
174
332
166
324
320
160
332
320
336
160
312
340
320
356
156
184
162
186
174
180
42
84
154
82
164
148
88
156
166
142
84
180
146
184
158
90
156
190
174
184
144
88
68
64
62
54
56
42
15
24
78
78
29
73
172
84
84
78
26
94
172
86
174
172
86
88
88
89
30
87
174
80
156
168
84
172
176
172
82
84
86
84
90
30
87
164
80
164
156
78
152
170
172
88
176
168
172
168
90
90
88
81
92
81
29
84
156
84
154
160
78
180
156
172
76
158
190
150
184
72
190
184
188
148
178
72
94
97
92
86
72
90
24
26
54
24
50
54
26
54
62
42
32
64
56
62
44
30
60
64
64
58
42
30
68
64
60
60
60
48
36
17
15
15
15
15
15
14
4
5
26
39
26
5
26
86
82
26
35
90
39
29
31
3
26
86
86
26
86
166
84
92
78
31
36
90
42
86
86
34
26
28
32
4
24
86
83
23
80
176
81
76
90
25
90
180
91
176
158
86
86
92
72
28
39
94
40
74
86
31
86
86
86
32
26
30
24
30
5
26
74
78
24
86
172
82
94
84
27
78
172
82
160
166
84
82
76
84
24
94
164
71
168
148
86
164
164
144
88
86
72
86
72
30
40
82
35
86
86
35
78
78
90
34
84
78
80
90
35
30
26
30
30
30
3
23
82
84
28
72
178
84
76
86
29
86
170
79
170
162
90
74
80
84
28
75
180
83
148
176
77
176
158
174
80
74
88
76
90
30
81
148
78
168
152
92
160
168
150
88
178
150
176
160
90
79
80
86
88
69
23
34
82
38
62
94
39
90
82
98
34
91
97
83
89
24
94
84
92
92
79
24
28
32
28
31
27
30
5
26
78
78
26
87
160
80
96
78
29
81
182
84
172
162
90
82
86
88
28
88
160
83
172
158
85
158
174
162
84
84
82
86
86
30
86
164
76
156
176
85
184
170
186
88
172
174
152
172
86
100
90
91
73
84
30
81
156
82
164
148
100
160
190
168
86
200
190
180
140
86
194
180
168
176
140
87
94
90
88
80
87
80
34
39
78
39
77
79
35
88
92
105
32
92
102
81
88
27
106
92
91
84
86
35
92
90
85
82
83
100
43
32
30
29
30
29
33
40
8
6
26
26
6
24
60
26
30
30
9
26
56
26
60
54
30
26
28
28
8
26
60
21
44
56
26
60
60
56
28
26
28
24
28
8
26
52
22
60
56
32
52
56
56
24
64
52
56
56
28
30
26
24
26
30
10
21
56
26
48
62
26
60
60
64
30
60
68
40
62
28
64
56
48
44
60
27
26
30
26
30
23
34
14
26
54
24
60
54
34
60
62
54
34
64
62
56
48
28
64
54
56
52
46
34
60
58
56
56
56
64
46
30
28
29
30
28
34
38
16
5
14
5
14
14
5
14
14
14
4
14
14
12
14
3
14
12
14
10
14
9
12
14
10
14
14
18
9
14
12
14
14
14
14
18
9
2
2
2
2
2
2
2
2
0
3
11
30
21
15
3
15
48
90
42
15
30
72
90
28
30
46
30
15
15
3
15
60
78
60
11
48
180
152
60
83
180
78
48
58
13
30
76
90
30
90
156
86
90
80
27
30
60
24
48
46
26
12
14
10
2
15
60
90
58
15
60
164
180
48
90
168
86
60
44
13
52
180
156
52
164
356
160
152
160
50
90
168
75
164
144
72
48
48
44
10
30
74
82
30
90
148
80
78
78
26
90
172
70
152
156
68
78
74
70
22
30
52
30
60
48
26
48
52
48
22
14
14
14
10
2
15
60
90
60
15
60
180
174
56
83
174
74
54
54
11
60
166
164
48
180
320
158
178
160
54
84
148
78
168
168
82
56
48
52
14
44
160
152
56
148
320
164
142
150
52
160
308
158
320
328
160
144
156
144
48
70
160
88
156
164
70
164
148
156
74
48
60
56
52
14
30
74
80
23
94
160
72
74
68
26
94
168
74
164
160
75
82
76
74
26
74
168
82
168
156
78
148
172
152
78
78
74
82
82
26
34
56
26
60
52
23
60
54
52
24
40
60
56
60
26
15
11
15
15
15
3
15
60
90
60
15
60
178
180
60
90
174
87
60
54
14
54
172
170
60
160
328
158
162
168
52
73
160
82
156
166
94
48
54
54
16
60
160
168
42
166
316
172
172
146
62
164
328
166
292
336
156
152
136
164
56
94
164
86
164
156
82
148
160
136
86
60
32
56
56
14
52
166
154
58
162
348
158
158
166
46
182
332
164
348
320
164
152
168
160
60
172
348
168
312
336
158
320
308
328
154
140
176
152
168
60
98
172
78
172
158
78
166
172
156
83
172
152
174
160
86
48
58
50
62
60
15
24
71
84
28
92
166
84
96
76
26
80
180
78
168
172
82
78
82
86
24
90
170
86
172
148
86
152
172
168
81
90
86
76
78
30
86
164
78
170
164
74
172
160
174
84
152
180
168
170
84
94
81
90
84
90
30
26
52
26
60
52
27
54
60
54
24
52
42
64
62
30
54
62
54
64
56
30
17
17
17
11
15
15
3
15
60
89
60
15
54
172
168
60
82
172
90
54
62
14
60
164
180
54
172
332
176
170
156
64
84
176
92
160
178
90
52
46
58
12
56
180
168
54
152
336
150
162
182
46
170
348
182
336
340
176
156
172
140
52
92
180
88
144
168
78
168
144
164
78
56
56
44
56
14
60
162
168
56
158
312
172
170
164
58
164
340
160
348
332
168
164
152
172
48
180
340
166
312
316
156
308
332
316
162
168
156
148
160
60
98
164
75
158
160
86
172
148
176
82
164
164
148
174
80
64
50
54
48
60
15
54
158
154
58
146
340
172
158
172
58
170
340
178
328
316
172
148
172
164
52
170
344
156
300
336
160
328
340
324
158
148
168
164
168
48
170
316
156
320
308
174
312
332
324
174
340
328
332
328
180
166
166
166
178
150
54
73
156
82
156
160
82
156
162
172
82
160
174
142
182
84
180
172
192
164
174
75
54
66
60
62
36
60
15
24
80
82
26
80
162
86
78
86
24
87
180
82
160
166
84
82
84
83
26
86
172
76
156
152
74
152
168
162
80
82
78
82
84
30
81
154
74
158
162
78
166
148
170
74
146
158
156
172
70
80
76
92
91
82
21
76
150
83
156
170
88
162
176
144
84
168
154
182
168
90
166
174
170
180
154
84
88
94
90
70
84
74
31
26
56
26
54
62
26
58
60
64
30
66
62
46
64
30
62
56
58
48
52
30
58
60
58
52
44
62
30
15
15
13
15
13
11
18
4
15
54
82
52
15
60
156
172
48
90
160
90
60
48
16
56
172
160
60
164
352
168
168
180
44
90
168
94
180
152
96
60
56
52
14
60
160
172
60
180
332
172
186
168
60
164
352
164
332
356
138
164
160
164
44
94
168
90
176
140
86
160
168
144
76
56
56
56
44
14
60
172
164
60
160
344
170
162
170
52
176
332
174
356
336
166
168
172
164
56
168
340
162
304
328
148
324
320
332
148
164
172
164
160
52
96
166
80
164
144
78
168
168
156
86
176
172
164
160
86
68
56
52
60
48
13
60
164
160
54
172
324
170
178
164
60
166
328
164
324
336
170
164
156
172
60
180
320
164
344
316
176
308
324
316
160
180
144
176
160
60
170
320
152
300
328
156
336
336
356
164
352
352
328
340
156
200
168
172
166
172
42
86
148
80
168
144
94
168
172
180
86
200
180
180
144
82
188
168
166
178
138
84
64
54
62
60
60
44
17
54
154
156
60
160
320
168
160
170
56
170
328
176
344
332
172
152
162
172
52
162
332
172
304
336
168
332
332
328
160
156
172
156
164
56
170
296
168
324
328
170
328
352
336
164
352
344
332
316
176
182
166
160
162
154
54
156
296
154
296
336
170
336
356
380
156
348
360
312
332
124
376
336
348
328
348
144
172
168
156
176
148
184
50
76
152
82
156
160
98
168
188
180
84
186
184
172
142
86
186
166
164
166
152
88
166
172
172
162
172
176
106
56
54
56
52
56
62
62
18
26
76
78
26
86
164
86
90
90
29
84
172
82
164
174
84
86
84
88
28
86
164
83
172
160
88
152
172
164
76
90
90
86
78
30
86
164
74
152
168
74
176
180
172
88
172
168
148
160
82
98
80
74
84
82
30
81
152
76
168
170
98
168
170
166
86
192
164
172
148
90
184
156
140
168
162
91
90
78
90
78
93
92
42
74
152
84
156
162
78
168
170
186
76
172
180
128
160
74
180
168
156
156
174
88
160
160
156
160
158
210
110
78
82
77
80
88
98
108
34
26
56
26
60
56
30
60
60
52
28
60
60
56
44
28
60
56
52
56
52
34
56
52
56
52
64
68
38
52
54
48
56
56
60
64
30
14
14
14
14
14
14
14
12
2
5
26
35
30
3
24
86
78
30
35
90
27
30
30
4
26
80
90
30
86
156
90
90
78
30
35
90
35
90
90
39
30
30
30
5
26
86
84
30
80
180
90
84
90
30
86
172
90
180
160
90
90
90
80
26
42
88
30
88
88
34
88
88
80
34
28
28
28
24
4
26
86
90
30
86
176
90
90
88
30
82
176
84
172
172
84
86
76
82
28
78
156
82
172
152
82
168
164
156
78
80
84
84
76
28
40
82
35
80
78
35
82
80
78
31
78
82
88
86
34
26
26
30
26
30
3
26
86
90
30
84
176
84
86
84
26
78
168
86
168
172
86
76
82
84
26
78
176
90
156
164
82
164
156
164
82
88
88
68
84
28
86
160
90
180
172
82
176
180
168
82
188
184
172
148
88
102
86
84
86
70
30
39
78
32
78
86
37
86
98
98
35
92
98
82
86
22
102
90
86
88
90
35
30
30
28
30
30
34
5
26
84
86
26
78
164
86
82
84
28
82
176
86
164
164
90
82
80
86
26
86
160
80
156
168
84
164
168
160
78
88
76
80
80
28
86
160
72
152
164
86
176
164
172
78
180
172
148
168
88
94
80
82
74
90
30
76
156
78
152
144
96
156
184
184
90
180
180
168
144
88
184
160
168
176
160
92
82
74
86
90
80
88
34
39
78
35
78
86
38
86
86
90
31
88
82
78
78
30
86
68
78
84
74
35
78
72
78
78
82
90
37
26
24
24
26
28
30
28
6
24
74
76
30
78
168
88
80
90
30
82
152
90
176
172
84
80
86
90
30
82
168
78
160
172
88
160
172
172
82
80
84
84
76
24
82
168
88
160
160
86
156
180
156
78
180
172
172
160
84
92
86
70
78
90
30
82
156
82
160
160
78
168
164
184
90
184
172
136
168
80
188
160
160
160
192
106
88
78
72
90
82
108
38
72
148
82
160
164
90
168
172
168
86
168
160
172
152
84
172
160
152
160
176
92
160
156
160
176
176
204
106
76
74
86
80
88
94
98
26
35
74
39
82
86
35
82
82
86
34
82
86
80
74
34
82
84
74
72
82
47
80
74
76
78
90
98
51
70
76
74
82
82
86
90
39
24
26
26
26
26
26
26
22
5
6
24
30
10
26
52
30
30
30
10
26
60
24
52
60
30
30
30
30
10
26
60
30
60
48
30
52
60
60
30
28
28
28
28
8
26
60
30
60
60
28
56
56
56
26
60
60
60
56
28
30
24
30
26
30
10
26
60
30
56
56
26
56
60
60
30
60
48
56
60
28
64
56
48
60
64
34
30
30
26
28
34
38
14
26
56
26
56
56
30
60
48
60
28
60
56
48
52
28
60
52
52
52
64
34
56
48
56
60
56
64
34
26
22
26
26
26
28
26
6
22
52
30
56
52
30
56
60
52
30
56
60
60
48
24
56
60
56
48
60
34
56
56
48
60
60
68
34
52
52
60
60
60
60
64
26
22
26
26
26
26
26
26
24
6
5
14
5
14
14
5
14
14
14
5
14
14
14
14
4
14
14
14
12
14
9
14
14
12
14
14
14
9
14
12
14
14
14
14
14
5
12
14
14
14
14
14
14
14
5
2
2
2
2
2
2
2
2
2
0
