0
3
3
10
3
3
0
3
15
21
30
9
3
3
30
27
30
3
10
30
21
10
3
15
4
3
4
0
3
15
30
27
15
3
15
42
90
42
15
30
72
90
25
30
44
34
17
14
5
3
30
27
30
7
30
90
76
34
27
94
47
29
43
10
10
30
30
14
30
50
28
34
34
15
3
12
5
16
12
9
0
2
2
0
3
15
30
30
15
3
15
60
81
60
15
21
90
78
30
30
66
31
9
16
1
15
42
90
54
15
60
148
192
62
94
158
100
66
50
15
30
90
97
35
76
180
101
68
90
25
30
52
27
56
50
24
12
10
12
2
3
30
35
30
7
30
98
80
28
27
88
35
18
28
3
30
98
106
38
94
168
96
82
72
26
27
86
40
66
82
29
18
22
22
5
10
38
34
14
30
64
28
16
26
6
30
56
34
60
48
26
18
26
24
6
5
14
5
14
14
5
14
14
14
5
2
2
2
2
0
3
15
30
30
15
3
15
60
90
60
15
30
83
90
30
32
58
28
17
14
3
15
60
85
60
15
40
178
158
46
86
186
73
50
48
9
30
80
82
30
88
168
68
88
80
23
34
52
26
60
46
30
12
12
14
2
15
44
84
44
7
64
146
152
40
96
142
70
62
44
13
64
182
186
50
152
320
146
162
144
48
98
164
81
152
152
72
60
52
52
14
34
98
94
24
94
160
76
78
68
26
84
184
82
144
152
76
74
80
70
24
30
52
30
60
56
26
56
56
52
22
14
14
14
12
2
0
24
22
16
5
24
82
63
24
24
74
37
18
24
5
24
86
76
25
78
166
72
78
84
20
36
74
35
86
78
39
26
22
26
5
30
86
78
20
94
156
73
71
70
26
94
166
84
156
160
78
86
82
76
26
32
86
39
86
78
39
82
82
74
35
26
26
26
22
5
6
30
18
6
30
60
24
18
23
6
30
60
23
48
58
24
26
24
24
6
30
48
24
60
54
26
60
58
56
26
26
26
26
24
6
0
13
5
13
15
5
13
15
15
5
15
15
15
15
5
3
3
3
3
3
0
3
15
30
30
15
3
15
60
90
60
15
29
87
87
29
25
54
28
12
15
3
15
58
84
54
13
60
152
154
54
82
138
78
52
48
15
21
77
70
26
75
150
77
70
84
29
21
54
25
54
52
30
8
14
14
2
11
54
63
46
13
38
148
128
46
62
162
73
48
60
13
56
138
142
44
158
276
162
168
150
60
76
156
75
152
168
80
56
52
58
14
26
86
74
30
68
168
64
60
82
24
90
144
82
168
160
86
76
80
80
26
24
60
30
52
60
22
60
56
56
26
14
14
12
14
2
15
30
66
40
13
54
120
142
48
84
130
82
58
52
15
54
150
158
56
146
308
142
164
158
48
82
140
82
168
156
82
56
56
56
14
56
152
166
52
164
292
156
172
142
60
162
324
150
280
312
156
170
160
148
56
90
144
90
172
160
82
168
156
152
74
60
60
56
52
14
26
74
70
24
90
152
76
75
77
23
90
166
84
168
140
72
75
79
69
23
66
166
69
154
152
78
168
162
150
74
86
86
80
74
24
26
30
20
54
48
26
54
54
54
24
60
56
56
54
26
15
11
15
15
11
3
3
24
28
22
4
21
82
72
26
35
86
36
21
26
5
24
79
80
26
82
154
86
86
75
26
27
82
32
76
86
39
22
26
26
5
26
86
76
26
67
172
78
74
84
23
86
146
74
176
146
82
73
75
77
23
35
90
26
60
76
29
90
78
80
38
30
30
24
30
5
26
70
74
24
86
152
78
84
76
26
83
168
82
162
158
63
82
76
70
24
86
132
74
168
136
82
150
146
146
71
90
88
84
70
30
24
70
32
59
72
33
78
85
76
37
86
88
79
76
35
26
26
24
29
30
3
6
26
22
6
26
60
26
25
25
6
26
58
24
58
58
24
24
26
21
5
15
50
24
48
58
23
54
48
58
25
26
30
24
30
10
24
36
20
54
44
26
50
52
54
26
58
52
60
46
30
26
24
24
30
21
10
5
15
4
11
15
5
13
15
15
5
13
15
15
15
3
15
9
15
15
15
3
3
3
3
3
3
3
0
3
15
30
30
15
3
15
58
90
60
15
30
87
87
29
28
56
28
14
15
3
11
60
78
54
13
60
176
160
54
67
156
84
48
54
15
30
79
78
28
83
146
84
72
90
29
23
54
29
58
54
30
12
14
14
2
15
48
84
46
13
56
146
156
52
84
148
84
60
60
13
38
144
156
54
150
320
164
150
168
60
72
144
87
160
176
81
56
58
58
14
26
80
78
26
90
164
80
78
78
28
60
168
80
160
172
90
72
86
82
26
30
44
26
64
60
26
56
56
60
26
14
12
14
14
2
15
60
73
56
13
30
148
148
60
66
166
83
48
58
15
54
148
160
52
146
324
160
166
160
54
90
156
66
144
160
86
60
52
58
14
56
168
174
54
144
312
164
164
158
52
162
312
170
308
300
164
162
162
156
56
84
176
74
148
152
70
168
164
152
78
60
56
48
56
14
26
90
76
26
72
166
84
70
85
26
66
168
74
164
172
69
84
67
79
23
86
148
78
164
134
76
154
152
154
76
86
76
70
72
26
26
60
21
30
52
20
54
52
54
26
60
52
48
54
24
15
15
9
11
15
3
15
46
76
52
15
58
142
164
48
90
158
82
58
48
15
52
162
156
60
168
324
158
150
156
50
82
160
82
168
140
82
44
56
52
10
60
160
166
60
164
308
164
172
166
60
146
320
144
308
324
134
168
156
152
50
90
156
82
168
124
74
136
152
144
74
60
56
56
40
14
60
150
162
58
156
308
164
166
160
60
180
296
156
332
296
152
176
160
136
54
152
320
150
280
296
142
332
288
296
160
160
176
144
156
52
86
138
80
158
138
86
144
154
164
84
172
164
156
150
86
60
50
52
60
48
15
26
72
74
26
86
164
78
83
75
26
74
158
80
156
158
72
74
84
76
21
80
126
68
164
152
86
160
158
152
85
90
66
84
76
30
69
152
78
140
164
81
160
156
164
82
154
166
156
166
78
80
84
84
78
90
21
26
52
26
60
48
26
44
60
54
26
58
48
60
48
30
54
54
60
60
42
30
15
15
15
15
15
9
3
3
24
39
26
5
24
86
81
26
36
86
38
26
28
4
24
80
86
27
86
168
90
82
82
28
35
86
39
89
91
29
30
22
25
3
21
86
86
26
86
178
87
76
86
24
68
162
88
174
154
78
64
82
63
22
35
88
33
90
84
30
82
72
86
29
24
26
30
30
5
24
85
84
26
70
170
84
78
84
26
88
170
71
142
156
76
88
72
79
28
84
166
82
162
148
76
158
164
144
80
90
80
74
80
30
26
80
39
72
88
36
80
72
84
35
71
82
82
84
35
24
29
24
30
30
3
21
69
75
25
81
158
76
80
76
26
84
146
76
160
152
74
80
84
81
28
60
150
77
148
168
84
156
162
168
84
76
86
84
78
30
80
146
86
166
156
86
168
162
148
90
160
170
160
160
90
75
83
87
90
72
30
39
82
36
81
82
36
86
77
82
35
66
76
87
90
27
82
88
90
81
90
27
29
29
30
30
27
30
3
4
23
23
5
24
56
24
24
26
6
15
48
26
52
58
26
24
30
29
10
22
52
24
60
60
24
46
60
60
25
30
26
32
30
10
24
58
23
48
58
26
54
52
54
30
60
62
52
60
30
24
29
30
21
30
10
26
54
26
58
48
26
42
52
50
30
48
54
60
42
30
54
56
60
60
42
30
27
27
30
30
30
21
10
5
15
6
15
16
4
9
12
15
3
11
14
15
15
3
13
14
15
15
15
3
12
13
15
15
15
15
3
2
3
3
3
3
3
3
0
3
15
29
30
15
3
11
60
78
60
15
30
90
81
29
21
56
28
14
15
3
15
48
90
48
13
60
168
172
50
88
138
84
54
54
15
30
86
82
30
72
168
78
72
90
29
30
48
30
60
54
30
12
14
14
2
15
60
78
58
11
48
172
152
54
86
174
72
48
60
13
56
156
168
54
178
316
180
180
156
60
84
180
75
144
176
80
60
56
56
14
24
84
80
30
74
176
84
76
86
24
86
152
90
176
160
86
70
84
80
24
26
56
24
44
56
22
56
60
56
24
12
14
10
14
2
15
60
90
56
15
60
156
174
54
85
168
90
60
46
15
44
162
158
60
156
352
154
144
172
44
82
160
86
164
144
82
44
52
56
10
60
158
172
48
180
296
156
180
154
60
160
336
154
296
312
148
172
164
160
56
86
148
70
176
140
86
144
156
152
72
56
52
56
48
14
26
90
75
26
66
172
80
72
86
23
74
140
78
156
164
82
78
74
76
22
82
156
70
148
152
76
172
152
158
84
80
76
74
74
26
22
56
26
56
56
27
44
54
60
26
64
54
52
56
26
15
15
11
15
15
3
15
60
89
60
15
54
174
170
60
76
172
87
50
60
10
62
164
172
56
172
316
172
172
144
56
82
160
78
156
160
70
56
46
54
12
54
180
170
60
140
348
152
134
170
46
172
312
160
336
308
168
152
156
140
50
72
168
86
148
176
70
172
144
176
72
44
64
44
60
14
60
162
172
58
176
292
164
166
160
60
148
316
160
292
312
148
160
164
158
50
168
312
160
344
300
178
312
316
300
164
180
148
176
144
60
82
168
83
158
170
82
162
152
164
84
162
164
152
172
80
60
54
60
48
60
15
23
80
76
24
62
156
82
63
85
26
82
136
68
156
154
84
78
70
80
26
74
174
72
144
182
78
180
154
180
73
80
90
84
90
24
82
164
86
166
158
86
150
164
154
86
180
152
180
154
90
77
88
72
90
78
30
25
60
26
50
60
23
60
40
60
26
46
56
48
60
30
56
50
60
48
60
27
13
13
15
15
9
15
3
15
54
82
54
15
60
164
164
54
90
156
78
62
52
16
60
172
166
60
152
340
160
170
180
46
86
154
84
180
164
86
64
62
40
12
60
164
172
62
184
312
172
180
142
58
146
332
168
316
344
154
180
162
168
50
82
148
86
180
164
86
164
180
144
84
56
48
56
52
14
48
166
160
54
156
328
154
136
152
52
162
312
158
316
312
166
152
166
172
56
144
312
156
332
316
152
344
320
328
160
152
164
156
168
52
74
158
82
164
172
78
168
164
152
86
172
152
164
158
86
40
58
52
58
48
15
60
134
148
56
162
276
146
156
148
60
158
296
156
284
316
168
168
166
170
58
164
300
172
344
312
176
324
344
332
176
172
172
184
160
60
156
324
166
324
324
158
336
320
332
164
312
344
320
348
156
172
158
174
162
180
44
88
158
86
168
150
84
154
156
144
86
180
134
176
152
90
144
166
162
174
148
92
52
52
58
52
64
46
15
24
78
69
23
65
140
70
70
72
26
78
142
80
154
170
86
88
88
89
30
76
158
78
156
168
84
172
176
172
86
84
86
92
90
30
77
164
82
164
154
78
144
168
164
88
168
166
172
164
90
78
90
71
84
82
31
84
160
85
150
148
72
160
136
164
78
138
166
146
176
74
162
164
168
140
182
74
75
79
84
92
76
90
21
26
56
26
54
52
26
50
56
38
28
56
46
58
42
30
44
52
56
58
44
30
48
52
56
60
60
42
24
12
13
15
15
15
15
6
2
5
26
39
26
5
26
86
82
26
35
90
35
29
27
2
26
86
86
26
86
158
76
88
68
27
32
82
34
82
78
26
26
28
24
4
24
86
83
23
80
168
77
70
82
27
82
160
75
168
146
86
86
84
72
28
31
78
32
78
86
31
86
86
86
32
26
30
24
30
5
26
74
78
24
86
168
82
86
86
31
74
156
78
148
170
86
74
80
88
24
78
144
67
176
148
86
168
168
144
88
86
72
86
72
30
34
78
35
86
86
35
82
78
86
34
84
74
80
90
35
26
26
30
30
30
5
23
81
76
24
67
158
79
70
94
29
77
154
77
166
160
90
76
80
86
28
70
172
79
148
176
80
176
156
178
80
72
92
76
90
30
82
152
82
168
160
88
160
164
144
88
174
148
176
160
90
73
83
85
87
76
32
35
86
40
62
86
31
78
66
82
34
71
79
81
87
30
74
82
88
88
97
33
22
28
27
29
29
30
3
26
77
78
24
85
146
72
84
76
29
75
158
77
158
166
90
86
86
88
28
84
152
83
172
160
87
160
182
170
88
88
86
86
90
30
78
164
72
144
152
72
156
148
166
88
150
150
148
176
86
76
81
85
75
88
30
82
160
86
172
132
80
140
144
132
84
152
148
172
142
94
144
164
160
178
152
88
74
80
92
81
89
72
26
39
82
43
81
79
27
84
76
73
24
74
78
77
88
31
70
78
83
80
86
27
72
82
85
88
84
76
19
24
28
29
30
31
24
16
1
6
26
26
6
24
60
26
30
30
9
26
56
26
60
54
30
26
28
28
8
26
60
21
44
56
26
60
60
56
28
26
28
24
28
8
26
52
22
60
48
28
44
48
52
24
56
48
56
56
28
26
26
28
26
30
10
22
56
26
48
52
20
52
46
50
26
48
52
44
58
28
48
52
66
50
60
28
22
30
28
30
23
26
6
26
54
24
60
48
26
56
54
36
22
56
50
56
46
28
52
50
56
56
44
22
52
54
58
58
64
40
14
26
28
29
30
32
22
12
4
5
14
5
14
14
5
14
14
14
4
14
14
12
14
3
14
12
14
10
14
5
12
14
12
14
14
10
5
14
12
14
14
14
10
10
5
2
2
2
2
2
2
2
2
0
3
11
30
21
15
3
15
48
90
42
15
30
72
90
27
30
42
28
14
15
3
15
60
78
60
9
48
180
144
56
81
174
72
42
54
15
30
72
82
30
90
144
84
78
84
29
30
60
24
48
54
30
12
14
14
2
15
60
90
56
15
60
156
176
42
86
162
84
60
48
13
48
168
144
54
162
340
168
156
168
56
90
168
87
168
156
84
48
52
56
10
26
72
82
30
90
156
84
78
86
26
90
180
82
156
168
72
78
86
78
22
30
60
30
60
52
26
48
60
48
22
14
14
14
10
2
15
60
90
60
15
60
180
168
60
78
174
82
60
62
11
60
156
174
56
164
332
170
176
156
52
84
168
94
164
160
70
60
48
56
14
44
160
156
48
160
332
156
152
158
52
172
336
170
328
312
164
156
160
152
48
82
176
84
160
168
70
172
156
156
74
48
60
56
52
14
26
70
72
23
86
148
76
76
76
26
86
172
90
144
164
75
86
76
74
26
78
172
86
172
156
78
156
172
154
78
78
76
82
82
26
26
60
26
60
52
24
60
56
52
24
44
60
56
60
26
15
11
15
15
15
3
15
60
90
60
15
60
178
180
60
90
172
87
56
56
16
54
172
166
54
160
336
162
166
174
52
74
156
78
164
170
86
56
60
52
12
60
156
168
44
160
312
160
172
140
58
156
308
164
300
340
160
168
150
172
54
86
160
86
172
172
82
156
176
136
86
60
36
56
56
14
48
152
132
46
142
300
134
140
156
46
154
292
162
308
304
164
156
162
156
60
152
328
168
324
340
160
336
304
328
156
148
176
156
168
60
74
168
82
172
158
78
162
172
152
84
172
152
176
160
86
40
52
46
58
60
15
26
65
68
24
80
134
72
76
69
26
68
152
70
140
172
80
70
84
84
24
82
160
86
172
150
86
148
170
168
87
90
86
88
78
30
78
168
82
168
164
72
170
156
170
86
144
172
164
162
84
76
67
78
72
90
30
26
56
26
60
52
25
54
58
54
26
60
36
56
56
30
44
46
42
54
56
30
13
13
13
9
15
15
3
15
60
89
60
15
54
172
168
60
82
172
87
50
54
12
60
164
180
48
172
324
160
162
132
50
84
160
74
152
146
64
52
42
50
10
56
180
162
54
144
320
134
150
158
42
154
308
150
316
292
164
156
168
136
52
76
156
72
144
164
78
168
144
164
80
56
56
48
56
14
60
156
156
48
150
284
160
152
158
58
148
300
148
308
320
166
160
152
168
48
152
304
162
308
312
156
312
328
312
166
168
156
156
160
60
82
160
75
154
160
86
168
148
168
84
160
164
152
174
80
56
52
54
48
60
15
54
156
140
54
138
300
158
136
164
58
156
296
164
296
308
168
140
174
164
54
160
328
152
300
336
160
328
340
336
162
152
176
172
168
48
164
312
164
316
312
170
304
320
312
174
332
312
332
324
180
142
152
154
168
152
56
75
160
82
156
164
81
160
152
168
84
154
154
134
170
88
152
144
164
144
178
77
48
54
50
56
40
60
15
24
78
82
25
76
154
84
76
86
24
81
166
80
154
166
86
82
84
85
26
82
170
78
156
160
78
156
180
172
80
90
90
82
84
30
80
158
78
164
170
78
172
152
176
74
156
166
156
172
70
82
74
88
87
82
22
78
148
79
152
168
84
158
158
136
76
152
140
162
152
90
144
164
154
164
156
86
76
83
86
68
88
72
29
26
56
23
50
54
22
50
44
50
22
54
54
42
56
30
52
54
58
46
52
30
52
56
58
56
48
58
25
14
15
13
15
17
11
12
2
15
54
82
52
15
60
156
172
48
90
160
90
60
42
14
56
172
160
60
164
352
156
162
164
34
90
156
78
176
136
72
60
56
44
14
60
160
172
60
180
320
168
174
156
60
152
316
144
316
328
142
164
152
164
44
78
148
86
176
144
86
160
168
148
76
56
60
56
44
14
60
172
158
56
156
324
170
146
172
56
164
304
178
316
336
162
160
172
156
56
144
324
154
316
324
148
324
312
320
148
168
160
164
160
52
84
162
84
160
148
78
160
172
140
86
164
160
164
160
86
52
60
52
60
52
17
60
164
160
50
172
304
166
162
166
60
158
304
158
312
340
170
168
150
178
60
172
312
168
344
332
172
304
320
320
164
164
148
176
164
60
160
328
160
296
324
136
320
308
308
164
312
312
324
344
164
148
168
168
166
188
48
86
148
72
164
136
78
156
136
148
86
160
152
180
148
98
142
160
158
170
150
84
56
46
58
58
60
36
13
54
154
156
60
160
320
162
154
166
58
170
316
174
328
332
174
148
170
176
56
160
324
170
304
324
166
320
324
336
172
144
168
160
172
56
162
292
160
316
300
156
304
312
300
168
312
304
336
332
176
138
158
160
170
160
54
158
304
150
288
304
138
308
292
304
144
288
308
312
344
136
288
316
340
320
348
134
148
164
162
178
154
160
38
76
152
82
156
138
72
154
148
130
72
154
152
168
138
86
150
164
164
162
148
80
150
166
172
158
164
140
70
54
54
58
54
58
56
38
10
26
76
78
26
86
164
86
90
90
29
84
172
82
164
174
84
86
84
88
28
86
164
83
172
152
84
144
164
160
76
82
86
86
78
30
86
164
74
152
160
66
168
160
160
88
148
148
156
160
82
78
80
82
88
82
30
82
152
74
168
150
82
152
136
136
74
160
138
180
150
90
148
166
152
172
160
80
78
76
90
70
83
62
18
74
152
82
156
154
66
164
150
150
66
156
168
132
160
76
156
160
152
144
150
62
148
162
164
166
138
134
52
74
82
77
80
80
66
56
20
26
56
26
60
56
30
60
60
52
28
60
60
56
44
28
60
56
52
56
44
26
56
54
58
52
56
48
22
52
54
48
56
52
48
44
22
14
14
14
14
14
14
14
12
2
5
26
35
30
3
24
86
78
30
35
90
27
30
30
3
26
80
90
30
86
156
90
90
72
28
35
90
27
90
86
27
30
30
26
5
26
86
84
30
80
180
90
78
86
30
86
156
82
176
144
86
90
86
80
26
34
80
26
88
84
34
88
88
80
34
28
28
28
24
4
26
86
90
28
86
168
86
84
90
30
78
160
88
152
172
84
82
76
78
28
66
148
86
168
156
82
168
164
152
78
80
84
84
76
28
34
86
39
84
86
35
82
88
74
31
78
90
88
86
34
26
34
30
26
30
5
26
86
90
30
84
176
78
80
80
26
78
156
84
152
172
84
76
84
84
30
76
168
90
156
172
84
160
152
168
94
84
80
72
92
28
78
148
74
156
144
72
148
148
136
86
152
156
176
156
88
70
90
84
86
76
30
39
86
30
74
70
27
74
78
74
35
76
82
86
94
26
74
84
86
84
90
27
26
30
26
28
30
26
3
26
84
86
26
78
164
86
82
84
28
82
176
86
164
164
88
82
76
86
26
86
160
80
156
168
80
160
160
156
78
80
72
80
80
28
86
160
66
144
148
78
160
140
160
78
152
156
148
168
88
78
76
82
78
90
30
78
156
74
152
124
74
148
152
140
78
160
160
164
140
88
156
156
164
172
156
78
78
74
82
90
92
70
26
39
78
31
78
78
32
86
72
80
27
82
78
78
78
34
80
70
78
84
82
35
76
76
78
80
88
80
31
26
24
24
24
24
22
22
5
24
74
76
30
78
168
88
80
90
30
82
152
90
176
172
84
80
86
90
30
82
168
78
160
172
84
160
164
168
82
72
80
84
76
24
82
168
88
160
148
78
144
156
144
78
152
160
172
160
84
72
90
78
78
90
30
82
156
82
160
156
64
164
136
148
82
156
160
144
168
84
152
156
156
144
164
74
80
78
72
86
74
56
18
72
148
82
160
164
88
168
168
152
82
164
152
168
148
76
160
160
152
156
156
72
152
160
164
168
156
136
66
76
74
86
80
80
74
72
24
35
74
39
82
86
35
82
82
86
34
82
86
80
74
30
82
84
74
72
74
35
80
76
76
78
78
70
31
70
76
74
82
78
74
70
35
24
26
26
26
26
26
26
22
5
6
24
30
10
26
52
30
30
30
10
26
60
24
52
60
30
30
30
30
10
26
60
30
60
48
30
52
60
60
30
28
28
28
28
8
26
60
30
60
60
24
56
44
52
26
48
52
60
56
28
22
28
30
26
30
10
26
60
30
56
56
24
56
56
44
26
56
40
52
60
28
52
56
44
48
52
22
26
30
26
24
26
18
6
26
56
26
56
56
30
60
48
60
28
60
56
48
52
28
60
52
52
48
56
26
56
52
56
60
52
52
26
26
22
26
26
26
24
24
6
22
52
30
56
52
30
56
60
52
30
56
60
60
48
24
56
60
56
48
52
26
56
56
48
60
56
48
22
52
52
60
60
60
56
56
26
22
26
26
26
26
26
26
24
6
5
14
5
14
14
5
14
14
14
5
14
14
14
14
4
14
14
14
12
14
5
14
14
12
14
14
10
5
14
12
14
14
14
14
14
5
12
14
14
14
14
14
14
14
5
2
2
2
2
2
2
2
2
2
0
